20160105
20160109
20160110
20160111
20160116
20160117
20160123
20160124
20160130
20160131
20160206
20160207
20160213
20160214
20160220
20160221
20160227
20160228
20160305
20160306
20160312
20160313
20160319
20160320
20160321
20160326
20160327
20160402
20160403
20160409
20160410
20160416
20160417
20160423
20160424
20160430
20160501
20160507
20160508
20160514
20160515
20160521
20160522
20160528
20160529
20160604
20160605
20160611
20160612
20160618
20160619
20160625
20160626
20160702
20160703
20160709
20160710
20160716
20160717
20160723
20160724
20160730
20160731
20160806
20160807
20160813
20160814
20160820
20160821
20160827
20160828
20160903
20160904
20160910
20160911
20160917
20160918
20160924
20160925
20161001
20161002
20161008
20161009
20161010
20161015
20161016
20161022
20161023
20161029
20161030
20161105
20161106
20161112
20161113
20161119
20161120
20161126
20161127
20161203
20161204
20161210
20161211
20161217
20161218
20161223
20161224
20161225
20170105
20170107
20170108
20170114
20170115
20170116
20170117
20170121
20170122
20170128
20170129
20170204
20170205
20170211
20170212
20170213
20170218
20170219
20170225
20170226
20170304
20170305
20170311
20170312
20170318
20170319
20170320
20170325
20170326
20170401
20170402
20170408
20170409
20170415
20170416
20170422
20170423
20170429
20170430
20170506
20170507
20170513
20170514
20170520
20170521
20170527
20170528
20170603
20170604
20170610
20170611
20170617
20170618
20170624
20170625
20170701
20170702
20170708
20170709
20170715
20170716
20170722
20170723
20170729
20170730
20170805
20170806
20170812
20170813
20170819
20170820
20170826
20170827
20170902
20170903
20170909
20170910
20170916
20170917
20170918
20170923
20170924
20170930
20171001
20171007
20171008
20171009
20171014
20171015
20171021
20171022
20171028
20171029
20171103
20171104
20171105
20171111
20171112
20171118
20171119
20171125
20171126
20171202
20171203
20171209
20171210
20171216
20171217
20171223
20171224
20171228
20180106
20180107
20180108
20180113
20180114
20180120
20180121
20180127
20180128
20180203
20180204
20180210
20180211
20180212
20180213
20180217
20180218
20180224
20180225
20180303
20180304
20180310
20180311
20180317
20180318
20180324
20180325
20180331
20180401
20180407
20180408
20180414
20180415
20180421
20180422
20180428
20180429
20180505
20180506
20180512
20180513
20180519
20180520
20180526
20180527
20180602
20180603
20180609
20180610
20180616
20180617
20180623
20180624
20180630
20180701
20180707
20180708
20180714
20180715
20180721
20180722
20180728
20180729
20180804
20180805
20180811
20180812
20180818
20180819
20180825
20180826
20180901
20180902
20180908
20180909
20180915
20180916
20180917
20180922
20180923
20180929
20180930
20181002
20181006
20181007
20181008
20181013
20181014
20181020
20181021
20181027
20181028
20181103
20181104
20181110
20181111
20181117
20181118
20181124
20181125
20181201
20181202
20181208
20181209
20181215
20181216
20181222
20181223
20181228
20190105
20190106
20190112
20190113
20190114
20190119
20190120
20190126
20190127
20190202
20190203
20190209
20190210
20190211
20190216
20190217
20190223
20190224
20190302
20190303
20190309
20190310
20190316
20190317
20190323
20190324
20190330
20190331
20190406
20190407
20190413
20190414
20190420
20190421
20190427
20190428
20190429
20190504
20190505
20190511
20190512
20190518
20190519
20190525
20190526
20190601
20190602
20190608
20190609
20190615
20190616
20190622
20190623
20190629
20190630
20190706
20190707
20190713
20190714
20190720
20190721
20190727
20190728
20190803
20190804
20190810
20190811
20190817
20190818
20190824
20190825
20190831
20190901
20190907
20190908
20190914
20190915
20190916
20190921
20190922
20190928
20190929
20191005
20191006
20191012
20191013
20191014
20191015
20191019
20191020
20191021
20191026
20191027
20191102
20191103
20191109
20191110
20191116
20191117
20191123
20191124
20191130
20191201
20191207
20191208
20191214
20191215
20191221
20191222
20191228
20200105
20200106
20200111
20200112
20200113
20200118
20200119
20200125
20200126
20200201
20200202
20200208
20200209
20200215
20200216
20200222
20200223
20200229
20200301
20200307
20200308
20200314
20200315
20200320
20200321
20200322
20200328
20200329
20200331
20200404
20200405
20200411
20200412
20200418
20200419
20200425
20200426
20200502
20200503
20200509
20200510
20200516
20200517
20200523
20200524
20200530
20200531
20200606
20200607
20200613
20200614
20200620
20200621
20200627
20200628
20200704
20200705
20200711
20200712
20200718
20200719
20200725
20200726
20200801
20200802
20200808
20200809
20200815
20200816
20200822
20200823
20200829
20200830
20200905
20200906
20200912
20200913
20200919
20200920
20200921
20200926
20200927
20201003
20201004
20201010
20201011
20201017
20201018
20201024
20201025
20201031
20201101
20201107
20201108
20201114
20201115
20201121
20201122
20201123
20201128
20201129
20201205
20201206
20201212
20201213
20201219
20201220
20201226
20201227
