201606010208
201606010304
201608010404
201607010104
201607010105
201607010204
201607010304
201607010305
201607010404
201608020108
201607010604
201607010605
201605010304
201608020404
201605010508
201608020604
201605010704
201608020804
201606020104
201609010204
201609010304
201606020404
201609010508
201607020204
201607020205
201607020304
201607020305
201607020404
201606030108
201609020204
201609020308
201606030404
201603010104
201603010105
201603010204
201606030711
201603010404
201603010405
201603010504
201603010505
201603010604
201604010101
201604010104
201604010204
201604010301
201604010304
201604010404
201604010501
201604010504
201604010604
201604010704
201604010804
201608031108
201608031204
201605030104
201609030204
201605030304
201609030404
201605030504
201609030604
201605030708
201607030101
201607030104
201603020204
201603020301
201603020304
201607030404
201607030501
201607030504
201603020604
201603020701
201603020704
201607030804
201610020104
201610020108
201604020204
201604020304
201610020404
201604020504
201610020604
201610020704
201604020804
201604020904
201604020908
201610021004
201610021101
201610021104
201604021204
201606040104
201609040204
201609040308
201606040404
201606040508
201609040604
201606040704
201609040804
201605040104
201608040204
201608040304
201604030101
201604030104
201605040509
201604030301
201604030304
201604030404
201604030501
201604030504
201604030604
201603030104
201603030105
201603030204
201608050308
201603030404
201603030405
201605050508
201603030604
201603030605
201605050704
201608050804
201606050108
201609050204
201607040304
201607040305
201607040404
201607040504
201607040604
201606050710
201609050804
201706010208
201708010304
201707010104
201707010105
201707010204
201707010304
201707010305
201707010404
201708020108
201707010604
201707010605
201705010304
201708020404
201705010508
201708020604
201705010704
201708020804
201706020104
201709010204
201709010304
201706020404
201709010508
201707020204
201707020205
201707020304
201707020305
201707020404
201706030108
201709020204
201709020308
201706030404
201703010104
201703010105
201703010204
201706030711
201703010404
201703010405
201703010504
201703010505
201703010604
201704010101
201704010104
201704010204
201704010301
201704010304
201704010404
201704010501
201704010504
201704010604
201704010704
201704010804
201708031108
201708031204
201705030104
201709030204
201705030304
201709030404
201705030504
201709030604
201705030708
201707030101
201707030104
201703020204
201703020301
201703020304
201707030404
201707030501
201707030504
201703020604
201703020701
201703020704
201707030804
201710020108
201704020204
201704020304
201710020404
201704020504
201710020604
201710020704
201704020804
201704020904
201704020908
201710021004
201710021101
201710021104
201704021204
201706040104
201709040204
201709040308
201706040504
201706040608
201709040704
201706040804
201709040904
201705040104
201708040204
201708040304
201704030101
201704030104
201705040509
201704030301
201704030304
201704030404
201704030501
201704030504
201704030604
201703030104
201703030105
201703030204
201708050308
201703030404
201703030405
201705050508
201703030604
201703030605
201705050704
201708050804
201706050108
201709050204
201707040304
201707040305
201707040404
201707040504
201707040604
201706050710
201709050805
201808010204
201806010308
201807010104
201807010105
201807010204
201807010304
201807010305
201807010404
201808020108
201807010604
201807010605
201808020404
201808020504
201805010608
201805010704
201808020804
201806020104
201809010204
201809010304
201806020404
201809010508
201807020204
201807020205
201807020304
201807020305
201807020404
201806030108
201809020204
201809020308
201806030404
201803010104
201803010105
201803010204
201806030711
201803010404
201803010405
201803010504
201803010505
201803010604
201804010101
201804010104
201804010204
201804010301
201804010304
201804010404
201808030708
201804010604
201804010605
201804010701
201804010704
201804010804
201805021104
201808031204
201805030104
201809030204
201805030304
201809030404
201805030504
201809030604
201805030708
201807030101
201807030104
201803020204
201803020301
201803020304
201807030404
201807030501
201807030504
201803020604
201803020701
201803020704
201807030804
201810020108
201804020204
201804020304
201810020404
201804020504
201810020604
201810020701
201810020704
201804020804
201804020904
201804020908
201810021004
201810021104
201804021204
201806040104
201809040204
201809040308
201806040504
201806040608
201809040704
201806040804
201809040904
201805040104
201808040204
201808040304
201804030101
201804030104
201805040509
201804030301
201804030304
201804030404
201804030501
201804030504
201804030604
201803030104
201803030105
201803030204
201808050308
201803030404
201803030405
201805050508
201803030604
201803030605
201805050704
201808050804
201806050108
201809050204
201807040304
201807040305
201807040404
201807040504
201807040604
201806050710
201809050805
201906010204
201906010308
201906010404
201908010504
201907010104
201907010105
201907010204
201908020108
201907010404
201907010405
201907010504
201907010505
201907010604
201908020504
201908020604
201908020704
201908020804
201906020108
201909010204
201906020304
201909010404
201909010508
201906020604
201907020304
201907020305
201907020404
201906030108
201909020204
201909020308
201906030404
201903010104
201903010105
201903010204
201906030711
201903010404
201903010405
201903010504
201903010505
201903010604
201904010101
201904010104
201904010204
201904010301
201904010304
201904010404
201908030708
201904010604
201904010605
201904010701
201904010704
201904010804
201905021104
201908031204
201905030104
201909030204
201909030211
201905030304
201909030404
201905030504
201909030604
201905030708
201907030101
201907030104
201903020201
201903020301
201903020304
201907030401
201907030501
201907030504
201903020601
201903020701
201903020704
201907030801
201910020108
201904020201
201904020301
201910020401
201904020501
201910020601
201910020701
201910020704
201904020801
201904020901
201904020908
201910021001
201910021101
201904021201
201906040104
201909040204
201909040308
201909040404
201906040504
201906040608
201909040704
201906040804
201909040904
201904030101
201904030104
201904030204
201908040504
201905040308
201904030301
201904030304
201904030404
201904030501
201904030504
201904030604
201903030104
201903030105
201903030204
201908050308
201903030404
201903030405
201905050508
201903030604
201903030605
201905050704
201908050804
201906050108
201909050204
201907040304
201907040305
201907040404
201907040504
201907040505
201907040604
201906050710
201909050805
202008010204
202006010308
202006010404
202008010504
202006010604
202008010704
202008010804
202006010904
202008020108
202008020204
202008020304
202008020404
202008020504
202008020604
202008020704
202008020804
202006020108
202007010204
202007010205
202007010304
202007010305
202007010404
202009010508
202006020604
202006020708
202006020804
202009010904
202007010704
202007010705
202009020204
202009020308
202006030404
202003010104
202003010105
202003010204
202006030711
202003010404
202003010405
202003010504
202003010505
202003010604
202003010704
202003010705
202003010804
202004010101
202004010104
202004010204
202008030708
202004010404
202004010405
202004010501
202004010504
202004010604
202005021104
202008031204
202005030101
202009030201
202005030301
202009030401
202005030501
202009030601
202005030708
202003020101
202003020104
202009040201
202009040301
202009040304
202003020401
202003020501
202003020504
202009040601
202004020308
202010020101
202010020104
202004030201
202004030301
202004030304
202010020401
202010020508
202004030601
202004030701
202004030704
202010020801
202006040101
202007020201
202007020308
202007020401
202006040501
202006040608
202007020701
202006040801
202007020901
202005040102
202005040103
202005040104
202005040106
202008040101
202008040104
202008040105
202008040106
202008040111
202008040112
202004040101
202004040103
202004040104
202004040109
202004040110
202004040112
202004040204
202004040301
202004040304
202005040409
202004040501
202004040504
202004040604
202003030104
202003030105
202003030204
202003030304
202003030305
202003030404
202009050308
202003030604
202003030605
202005050508
202005050604
202009050704
202005050804
202009050905
202006050108
202009060204
202007030304
202007030305
202007030404
202007030504
202007030505
202007030604
202006050710
202009060805